ccids <-
structure(list(sample =
    c("TCGA-AZ-6598-01A-11R-1774-07", "TCGA-A6-2679-01A-02R-1410-07",
    "TCGA-A6-2680-01A-01R-1410-07", "TCGA-AZ-6605-01A-11R-1839-07",
    "TCGA-AZ-6603-01A-11R-1839-07", "TCGA-AA-3511-01A-21R-1839-07",
    "TCGA-A6-2678-01A-01R-0821-07", "TCGA-A6-2675-01A-02R-1723-07",
    "TCGA-AZ-6599-01A-11R-1774-07", "TCGA-AA-3655-01A-02R-1723-07",
    "TCGA-AA-3520-01A-01R-0821-07", "TCGA-AA-3496-01A-21R-1839-07",
    "TCGA-AA-3522-01A-01R-0821-07", "TCGA-A6-5659-01B-04R-A277-07",
    "TCGA-AA-3697-01A-01R-1723-07", "TCGA-AA-3489-01A-21R-1839-07",
    "TCGA-A6-5665-01B-03R-2302-07", "TCGA-AA-3660-01A-01R-1723-07",
    "TCGA-AZ-6600-01A-11R-1774-07", "TCGA-AA-3525-01A-02R-0826-07",
    "TCGA-F4-6704-01A-11R-1839-07", "TCGA-AA-3531-01A-01R-0821-07",
    "TCGA-A6-2685-01A-01R-1410-07", "TCGA-AA-3516-01A-02R-0826-07",
    "TCGA-AA-3713-01A-21R-1723-07", "TCGA-A6-2683-01A-01R-0821-07",
    "TCGA-AA-3517-01A-01R-0821-07", "TCGA-AA-3518-01A-02R-0826-07",
    "TCGA-A6-2686-01A-01R-A32Z-07", "TCGA-AA-3663-01A-01R-1723-07",
    "TCGA-A6-5662-01A-01R-1653-07", "TCGA-A6-5667-01A-21R-1723-07",
    "TCGA-A6-2684-01A-01R-A278-07", "TCGA-A6-2671-01A-01R-1410-07",
    "TCGA-AA-3527-01A-01R-0821-07", "TCGA-AA-3534-01A-01R-0821-07",
    "TCGA-AA-3514-01A-02R-0821-07", "TCGA-A6-2682-01A-01R-1410-07",
    "TCGA-AZ-6601-01A-11R-1774-07", "TCGA-AA-3712-01A-21R-1723-07",
    "TCGA-AA-3662-01A-01R-1723-07", "TCGA-AZ-6598-11A-01R-1774-07",
    "TCGA-A6-2679-11A-01R-A32Z-07", "TCGA-A6-2680-11A-01R-A32Z-07",
    "TCGA-AZ-6605-11A-01R-1839-07", "TCGA-AZ-6603-11A-02R-1839-07",
    "TCGA-AA-3511-11A-01R-1839-07", "TCGA-A6-2678-11A-01R-A32Z-07",
    "TCGA-A6-2675-11A-01R-1723-07", "TCGA-AZ-6599-11A-01R-1774-07",
    "TCGA-AA-3655-11A-01R-1723-07", "TCGA-AA-3520-11A-01R-A32Z-07",
    "TCGA-AA-3496-11A-01R-1839-07", "TCGA-AA-3522-11A-01R-A32Z-07",
    "TCGA-A6-5659-11A-01R-1653-07", "TCGA-AA-3697-11A-01R-1723-07",
    "TCGA-AA-3489-11A-01R-1839-07", "TCGA-A6-5665-11A-01R-1653-07",
    "TCGA-AA-3660-11A-01R-1723-07", "TCGA-AZ-6600-11A-01R-1774-07",
    "TCGA-AA-3525-11A-01R-A32Z-07", "TCGA-F4-6704-11A-01R-1839-07",
    "TCGA-AA-3531-11A-01R-A32Z-07", "TCGA-A6-2685-11A-01R-A32Z-07",
    "TCGA-AA-3516-11A-01R-A32Z-07", "TCGA-AA-3713-11A-01R-1723-07",
    "TCGA-A6-2683-11A-01R-A32Z-07", "TCGA-AA-3517-11A-01R-A32Z-07",
    "TCGA-AA-3518-11A-01R-1672-07", "TCGA-A6-2686-11A-01R-A32Z-07",
    "TCGA-AA-3663-11A-01R-1723-07", "TCGA-A6-5662-11A-01R-1653-07",
    "TCGA-A6-5667-11A-01R-1723-07", "TCGA-A6-2684-11A-01R-A32Z-07",
    "TCGA-A6-2671-11A-01R-A32Z-07", "TCGA-AA-3527-11A-01R-A32Z-07",
    "TCGA-AA-3534-11A-01R-A32Z-07", "TCGA-AA-3514-11A-01R-A32Z-07",
    "TCGA-A6-2682-11A-01R-A32Z-07", "TCGA-AZ-6601-11A-01R-1774-07",
    "TCGA-AA-3712-11A-01R-1723-07", "TCGA-AA-3662-11A-01R-1723-07"
    ), type = structure(c(5L, 5L, 5L, 5L, 5L, 5L, 5L, 5L, 5L, 5L,
    5L, 5L, 5L, 5L, 5L, 5L, 5L, 5L, 5L, 5L, 5L, 5L, 5L, 5L, 5L, 5L,
    5L, 5L, 5L, 5L, 5L, 5L, 5L, 5L, 5L, 5L, 5L, 5L, 5L, 5L, 5L, 5L,
    5L, 5L, 5L, 5L, 5L, 5L, 5L, 5L, 5L, 5L, 5L, 5L, 5L, 5L, 5L, 5L,
    5L, 5L, 5L, 5L, 5L, 5L, 5L, 5L, 5L, 5L, 5L, 5L, 5L, 5L, 5L, 5L,
    5L, 5L, 5L, 5L, 5L, 5L, 5L, 5L), .Label = c("ACC", "BLCA", "BRCA",
    "CESC", "COAD", "DLBC", "GBM", "HNSC", "KICH", "KIRC", "KIRP",
    "LAML", "LGG", "LIHC", "LUAD", "LUSC", "OV", "PRAD", "READ",
    "SKCM", "STAD", "THCA", "UCEC", "UCS", "CHOL", "ESCA", "PAAD",
    "PCPG", "SARC", "THYM"), class = "factor"), GROUP = c(1, 1, 1,
    1, 1, 1, 1, 1, 1, 1, 1, 1, 1, 1, 1, 1, 1, 1, 1, 1, 1, 1, 1, 1,
    1, 1, 1, 1, 1, 1, 1, 1, 1, 1, 1, 1, 1, 1, 1, 1, 1, 0, 0, 0, 0,
    0, 0, 0, 0, 0, 0, 0, 0, 0, 0, 0, 0, 0, 0, 0, 0, 0, 0, 0, 0, 0,
    0, 0, 0, 0, 0, 0, 0, 0, 0, 0, 0, 0, 0, 0, 0, 0), BLOCK = c("TCGA-AZ-6598",
    "TCGA-A6-2679", "TCGA-A6-2680", "TCGA-AZ-6605", "TCGA-AZ-6603",
    "TCGA-AA-3511", "TCGA-A6-2678", "TCGA-A6-2675", "TCGA-AZ-6599",
    "TCGA-AA-3655", "TCGA-AA-3520", "TCGA-AA-3496", "TCGA-AA-3522",
    "TCGA-A6-5659", "TCGA-AA-3697", "TCGA-AA-3489", "TCGA-A6-5665",
    "TCGA-AA-3660", "TCGA-AZ-6600", "TCGA-AA-3525", "TCGA-F4-6704",
    "TCGA-AA-3531", "TCGA-A6-2685", "TCGA-AA-3516", "TCGA-AA-3713",
    "TCGA-A6-2683", "TCGA-AA-3517", "TCGA-AA-3518", "TCGA-A6-2686",
    "TCGA-AA-3663", "TCGA-A6-5662", "TCGA-A6-5667", "TCGA-A6-2684",
    "TCGA-A6-2671", "TCGA-AA-3527", "TCGA-AA-3534", "TCGA-AA-3514",
    "TCGA-A6-2682", "TCGA-AZ-6601", "TCGA-AA-3712", "TCGA-AA-3662",
    "TCGA-AZ-6598", "TCGA-A6-2679", "TCGA-A6-2680", "TCGA-AZ-6605",
    "TCGA-AZ-6603", "TCGA-AA-3511", "TCGA-A6-2678", "TCGA-A6-2675",
    "TCGA-AZ-6599", "TCGA-AA-3655", "TCGA-AA-3520", "TCGA-AA-3496",
    "TCGA-AA-3522", "TCGA-A6-5659", "TCGA-AA-3697", "TCGA-AA-3489",
    "TCGA-A6-5665", "TCGA-AA-3660", "TCGA-AZ-6600", "TCGA-AA-3525",
    "TCGA-F4-6704", "TCGA-AA-3531", "TCGA-A6-2685", "TCGA-AA-3516",
    "TCGA-AA-3713", "TCGA-A6-2683", "TCGA-AA-3517", "TCGA-AA-3518",
    "TCGA-A6-2686", "TCGA-AA-3663", "TCGA-A6-5662", "TCGA-A6-5667",
    "TCGA-A6-2684", "TCGA-A6-2671", "TCGA-AA-3527", "TCGA-AA-3534",
    "TCGA-AA-3514", "TCGA-A6-2682", "TCGA-AZ-6601", "TCGA-AA-3712",
    "TCGA-AA-3662")), class = "data.frame", row.names = c(NA, -82L
))

reids <-
structure(list(sample = c("TCGA-AF-3400-01A-01R-0821-07", "TCGA-AG-3732-01A-11R-1660-07",
    "TCGA-AG-3725-01A-11R-1736-07", "TCGA-AF-5654-01A-01R-1660-07",
    "TCGA-AG-3731-01A-11R-1736-07", "TCGA-AG-3742-01A-11R-1660-07",
    "TCGA-AH-6643-01A-11R-1830-07", "TCGA-AF-2691-01A-01R-0821-07",
    "TCGA-AF-2692-01A-01R-0821-07", "TCGA-AF-3400-11A-01R-A32Z-07",
    "TCGA-AG-3732-11A-01R-1660-07", "TCGA-AG-3725-11A-01R-1736-07",
    "TCGA-AF-5654-11A-11R-1660-07", "TCGA-AG-3731-11A-01R-1736-07",
    "TCGA-AG-3742-11A-01R-1660-07", "TCGA-AH-6643-11A-01R-1830-07",
    "TCGA-AF-2691-11A-01R-A32Z-07", "TCGA-AF-2692-11A-01R-A32Z-07"
    ), type = structure(c(19L, 19L, 19L, 19L, 19L, 19L, 19L, 19L,
    19L, 19L, 19L, 19L, 19L, 19L, 19L, 19L, 19L, 19L), .Label = c("ACC",
    "BLCA", "BRCA", "CESC", "COAD", "DLBC", "GBM", "HNSC", "KICH",
    "KIRC", "KIRP", "LAML", "LGG", "LIHC", "LUAD", "LUSC", "OV",
    "PRAD", "READ", "SKCM", "STAD", "THCA", "UCEC", "UCS", "CHOL",
    "ESCA", "PAAD", "PCPG", "SARC", "THYM"), class = "factor"), GROUP = c(1,
    1, 1, 1, 1, 1, 1, 1, 1, 0, 0, 0, 0, 0, 0, 0, 0, 0), BLOCK = c("TCGA-AF-3400",
    "TCGA-AG-3732", "TCGA-AG-3725", "TCGA-AF-5654", "TCGA-AG-3731",
    "TCGA-AG-3742", "TCGA-AH-6643", "TCGA-AF-2691", "TCGA-AF-2692",
    "TCGA-AF-3400", "TCGA-AG-3732", "TCGA-AG-3725", "TCGA-AF-5654",
    "TCGA-AG-3731", "TCGA-AG-3742", "TCGA-AH-6643", "TCGA-AF-2691",
    "TCGA-AF-2692")), class = "data.frame", row.names = c(NA, -18L
))

